              precision    recall  f1-score   support

           A       1.00      0.90      0.95        58
           B       0.95      0.91      0.93        45
           C       0.91      0.97      0.94        72
           D       0.96      0.84      0.89        61
           E       0.89      0.98      0.93        57
           G       0.92      0.98      0.95        49
           H       0.94      0.96      0.95        67
           I       0.96      0.94      0.95        68
           K       0.88      0.88      0.88        58
           L       0.97      0.97      0.97        62
           M       0.93      0.93      0.93        81
           N       0.89      0.94      0.91        80
           O       0.96      0.90      0.93        52
           P       1.00      0.91      0.95        55
           Q       1.00      0.92      0.96        51
           R       0.98      1.00      0.99        52
           S       0.92      0.98      0.95        57
           T       1.00      0.97      0.99        71
           U       0.93      0.94      0.93        80
           V       0.94      0.94      0.94        53
           X       0.85      0.94      0.89        66
           Y       1.00      0.98      0.99        50

    accuracy                           0.94      1345
   macro avg       0.94      0.94      0.94      1345
weighted avg       0.94      0.94      0.94      1345
